grass_2
<<<<<<< HEAD
0 shield;3 plus_bomb;3 clock;3 plus_flame;2 shoe;2 heart;2 coin
0 shield;3 plus_bomb;2 clock;2 plus_flame;1 shoe;3 heart;2 coin
1,6;2,3;3,13;6,10;7,1;7,6;9,2;9,5;9,11;9,12
6
1,1
1 1 1 1 1 1 1 1 1 1 1 1 1 1 1 1 
1 0 0 1 1 0 0 2 0 1 2 2 2 2 0 1 
1 0 1 0 0 0 1 1 2 0 0 1 2 2 0 1 
1 2 1 1 2 1 2 0 1 2 0 1 2 0 0 1 
1 2 2 2 2 2 0 2 2 1 0 2 2 1 0 1 
1 0 0 0 0 2 0 0 0 2 2 0 2 2 1 1 
1 0 0 0 0 2 0 1 0 2 0 2 0 0 0 1 
1 0 0 0 2 2 0 0 0 2 1 0 2 2 0 1 
1 2 0 1 0 2 0 2 2 2 0 2 2 1 0 1 
1 0 0 0 2 0 2 2 0 2 2 0 0 0 2 1 
1 0 0 2 2 0 0 0 0 0 0 0 0 2 0 1 
=======
4 shield;4 plus_bomb;0 clock;0 plus_flame;2 shoe;3 heart;1 coin
1 shield;0 plus_bomb;1 clock;2 plus_flame;2 shoe;3 heart;4 coin
2,8;3,2;3,11;6,5;7,2;7,10;8,12;9,8;10,2;10,13
6
1,1
1 1 1 1 1 1 1 1 1 1 1 1 1 1 1 1 
1 0 0 0 2 2 2 0 2 2 2 0 2 0 1 1 
1 0 1 2 2 2 0 2 0 0 1 2 2 2 0 1 
1 2 0 0 2 2 2 2 0 2 0 0 2 2 1 1 
1 1 0 0 0 0 0 1 0 2 2 2 2 0 2 1 
1 1 1 0 0 1 1 0 0 2 0 0 2 2 2 1 
1 2 2 0 0 0 2 2 0 2 0 0 2 2 0 1 
1 2 0 0 1 2 0 0 0 2 0 2 0 0 0 1 
1 2 0 0 2 2 0 0 0 1 0 0 0 0 0 1 
1 2 0 2 0 1 0 1 0 1 0 2 2 2 0 1 
1 0 0 1 0 2 0 0 2 0 1 2 0 0 0 1 
>>>>>>> main
1 1 1 1 1 1 1 1 1 1 1 1 1 1 1 1 